#Obs id     #START_MJD              NH  low Err  high Err           Fdbb  low Err  high Err         kTin low Err  high Err       Fnth low Err  high Err  
 3130010101   58927.65996740741     11.8   0.2    0.3              -8.033  0.007    0.007          1.233  0.022    0.021           -8.68  0.04    0.04           
 3130010102   58934.67762944444    11.85  0.11    0.11             -7.822  0.005    0.005          1.40  0.03    0.03              -9.00  0.13    0.1            
 3130010103   58935.90517574074    12.00  0.09    0.09             -7.775  0.004    0.004          1.428  0.027    0.029           -8.93  0.11    0.09           
 3130010104   58936.421691944444    11.92  0.09    0.09             -7.787  0.004    0.004          1.402  0.027    0.028           -8.90  0.1    0.08            
 3130010105   58938.225175740736    11.99  0.16    0.16             -7.769  0.007    0.007          1.46  0.05    0.05              -9.27  0.8    0.26            
 3130010106   58940.87593962962    12.00  0.09    0.09             -7.764  0.004    0.004          1.457  0.026    0.027           -9.4  0.4    0.2              
 3130010107   58941.68024518518    12.01  0.09    0.09             -7.790  0.004    0.003          1.415  0.023    0.024           -9.37  0.28    0.17           
 3130010108   58942.61921509259    11.89  0.09    0.09             -7.837  0.004    0.004          1.409  0.025    0.022           -9.9  -P    0.4                
 3130010109   58943.329487083334    11.83  0.08    0.09             -7.8422  0.004    0.0022        1.422  0.016    0.009           -14.6  -P    5                 
 3130010110   58945.02265259259    12.04  0.09    0.08             -7.821  0.004    0.004          1.430  0.012    0.011           -10.00  -P    0.23             
 3130010111   58946.307924583336    11.86  0.05    0.04             -7.8462  0.0023    0.0022       1.435  0.011    0.006           -10.00  -P    0.25             
 3130010112   58948.7684975    11.89  0.04    0.06             -7.8220  0.0027    0.0025       1.457  0.017    0.01            -10.6  -P    0.8               
 3130010114   58950.558468564814    11.99  0.11    0.11             -7.819  0.006    0.005          1.420  0.026    0.015           -12.0  -P    2.3               
 3130010116   58952.30500212963    12.0  0.1    0.1                -7.811  0.004    0.004          1.455  0.028    0.018           -10.0  -P    0.5               
 3130010117   58953.21119425926    12.10  0.07    0.08             -7.774  0.003    0.003          1.488  0.021    0.009           -13.0  -P    3                 
 3130010118   58954.8554824537    11.9  0.1    0.1                -7.824  0.005    0.004          1.482  0.029    0.029           -9.7  -P    0.3                
 3130010119   58956.10962018518    11.99  0.09    0.15             -7.7553  0.008    0.0026        1.563  0.05    0.016            -12.0  -P    2.7               
 3130010120   58957.80490375    12.03  0.18    0.19             -7.746  0.008    0.003          1.505  0.04    0.023            -12.0  -P    2.6               
 3130010121   58958.23006578704    12.08  0.07    0.07             -7.723  0.003    0.003          1.475  0.023    0.024           -9.02  0.13    0.1            
 3130010123   58960.43589912036    11.76  0.11    0.11             -7.766  0.005    0.005          1.41  0.04    0.04              -8.81  0.11    0.09           
 3130010124   58961.16384472222    11.93  0.11    0.11             -7.717  0.005    0.005          1.50  0.04    0.04              -8.96  0.19    0.13           
 3130010125   58962.26411671296    11.89  0.12    0.12             -7.731  0.005    0.005          1.45  0.04    0.04              -8.87  0.15    0.11           
 3130010126   58963.2447012037    11.98  0.09    0.09             -7.704  0.004    0.004          1.49  0.03    0.03              -8.95  0.16    0.11           
 3130010127   58965.37473592593    11.96  0.07    0.07             -7.688  0.004    0.004          1.502  0.027    0.028           -8.85  0.11    0.09           
 3130010128   58966.60036092593    11.89  0.07    0.07             -7.735  0.004    0.004          1.448  0.025    0.025           -8.81  0.08    0.07           
 3130010129   58967.59540143519    11.84  0.08    0.08             -7.740  0.004    0.004          1.468  0.025    0.026           -9.08  0.16    0.11           
 3130010130   58968.27585861111    11.82  0.06    0.06             -7.7269  0.0029    0.0029       1.468  0.021    0.021           -8.94  0.09    0.07           
 3130010131   58969.18297666666    11.77  0.05    0.05             -7.7293  0.0023    0.0022       1.484  0.016    0.017           -9.04  0.09    0.07           
 3130010132   58970.15219541667    11.59  0.08    0.08             -7.825  0.004    0.004          1.337  0.023    0.024           -8.68  0.05    0.04           
 3130010133   58971.37939449074    11.38  0.08    0.07             -7.876  0.003    0.003          1.319  0.021    0.022           -8.65  0.03    0.03           
 3130010134   58972.637965092596    11.52  0.07    0.07             -7.839  0.003    0.003          1.358  0.02    0.021            -8.77  0.05    0.04           
 3130010135   58973.18635050926    11.62  0.09    0.09             -7.811  0.004    0.004          1.401  0.027    0.028           -8.90  0.09    0.07           
 3130010136   58974.380459305554    11.65  0.06    0.06             -7.8338  0.0025    0.0025       1.348  0.016    0.017           -8.82  0.04    0.04           
 3130010137   58975.44572550926    11.56  0.08    0.08             -7.839  0.003    0.003          1.378  0.022    0.022           -8.96  0.08    0.07           
 3130010138   58976.64005421296    11.54  0.09    0.09             -7.889  0.004    0.004          1.318  0.023    0.023           -8.84  0.06    0.05           
 3130010139   58977.44745583333    11.63  0.09    0.04             -7.8670  0.0014    0.0022       1.339  0.021    0.022           -8.930  0.024    0.025        
 3130010140   58978.319463935186    11.60  0.07    0.07             -7.8698  0.003    0.0029        1.332  0.018    0.019           -8.92  0.06    0.05           
 3130010141   58980.09422087963    11.6  0.4    0.4                -7.933  0.016    0.018          1.28  0.09    0.09              -8.91  0.3    0.18            
 3130010144   58991.60636208333    11.53  0.09    0.09             -8.156  0.005    0.005          1.120  0.013    0.014           -9.32  0.05    0.04           
 3130010145   58997.968566944444    11.33  0.19    0.19             -8.370  0.012    0.013          0.987  0.024    0.025           -9.24  0.05    0.04           
 3130010146   59000.09899518518    11.17  0.26    0.27             -8.426  0.017    0.019          0.96  0.03    0.03              -9.24  0.06    0.05           
 3130010147   59001.811338935186    11.10  0.17    0.18             -8.451  0.011    0.011          1.008  0.023    0.024           -9.44  0.06    0.05           
 4130010101   59470.85670351851    10.7  0.2    0.2                 -20.0   -P  11.0                0.8   -P     +P                 -8.949  0.007    0.006        
 4130010102   59471.47030884259    10.6  0.5    1.2                -20.0  -P    11.0                0.78  0.16    0.27              -8.89  0.23    0.05           
 4130010103   59472.44738060185    10.4  0.7    0.7                -9.9  -P    1.1                  0.90  0.21    0.8               -8.81  0.13    0.04           
 4130010104   59473.518294953705    10.7  0.7    0.9                -9.7  -P    0.7                  0.85  0.24    0.7               -8.74  0.22    0.05           
 4130010105   59474.4832486574    10.03  0.5    0.19              -9.35  0.9    0.27              1.12  0.22    0.29              -8.71  0.09    0.06           
 4130010106   59475.417253287036    10.4  0.3    0.4                -8.98  0.12    0.09             1.08  0.17    0.2               -8.63  0.06    0.06           
 4130010107   59476.505980138885    10.07  0.4    0.15              -9.29  0.9    0.25              0.81  0.1    0.13               -8.44  0.05    0.03           
 4130010108   59477.5709975    10.78  0.29    0.3              -8.78  0.07    0.06             0.89  0.08    0.07              -8.45  0.04    0.04           
 4130010110   59479.701101666666    11.37  0.28    0.3              -8.401  0.03    0.028           0.90  0.06    0.06              -8.27  0.04    0.04           
 4130010111   59480.79947550926    11.26  0.2    0.21              -8.353  0.021    0.022          1.00  0.05    0.05              -8.190  0.022    0.021        
 4130010112   59481.483462777775    10.39  0.29    0.21             -8.72  0.05    0.05             0.80  -P    0.06                 -8.365  0.029    0.008        
 4130010113   59482.810951203704    10.7  0.4    0.4                -8.54  0.05    0.06             0.93  0.08    0.09              -8.39  0.06    0.04           
 4130010114   59483.456269490736    11.03  0.17    0.17             -8.40  0.04    0.07             1.02  0.03    0.05              -8.276  0.05    0.028         
 4130010115   59484.64903569444    11.60  0.1    0.11              -7.980  0.018    0.017          1.26  0.06    0.05              -8.023  0.029    0.029        
 4130010116   59485.614463935184    11.84  0.08    0.08             -7.720  0.019    0.019          1.63  0.07    0.07              -8.04  0.05    0.05           
 4130010118   59486.99970699074    11.66  0.12    0.12             -7.703  0.021    0.021          1.59  0.08    0.09              -8.08  0.07    0.06           
 4130010121   59498.33187712963    11.53  0.07    0.07             -7.763  0.004    0.004          1.359  0.024    0.025           -8.39  0.03    0.03           
 4130010122   59499.524220879626    11.47  0.11    0.11             -7.782  0.006    0.006          1.34  0.04    0.04              -8.36  0.04    0.04           
 4130010123   59500.20718384259    11.21  0.13    0.14             -7.884  0.008    0.008          1.27  0.04    0.04              -8.29  0.04    0.04           
 4130010124   59501.467230138885    11.28  0.11    0.12             -7.885  0.006    0.006          1.23  0.03    0.04              -8.254  0.03    0.027         
 4130010125   59502.28110166667    11.23  0.11    0.03             -7.8875  0.0024    0.003        1.38  0.04    0.04              -8.564  0.007    0.006        
 4130010126   59508.90949287037    10.90  0.14    0.14             -7.923  0.021    0.021          1.56  0.09    0.1               -8.36  0.09    0.07           
 4130010127   59510.45941185185    10.86  0.26    0.27             -8.154  0.019    0.022          1.16  0.07    0.06              -8.27  0.04    0.04           
 4130010128   59512.46497898149    10.97  0.2    0.21              -8.006  0.025    0.026          1.46  0.11    0.12              -8.38  0.1    0.08            
 6130010107   60013.05455652778    11.30  0.09    0.09             -7.699  0.006    0.006          1.41  0.03    0.04              -8.27  0.04    0.04           
 6557010102   60014.08952180555    11.44  0.04    0.04             -7.657  0.003    0.003          1.478  0.018    0.018           -8.397  0.029    0.027        
 6557010302   60016.416686157405    11.57  0.04    0.04             -7.667  0.005    0.005          1.416  0.023    0.024           -7.905  0.015    0.013        
 6130010109   60030.34122898148    10.57  0.1    0.11              -7.893  0.023    0.022          1.42  0.07    0.07              -8.06  0.04    0.04           
 5665010406   60039.8922012037    11.93  0.09    0.09             -7.595  0.005    0.005          1.63  0.04    0.04              -9.18  0.6    0.24            
 5665010407   60041.50495004629    11.74  0.04    0.04             -7.6652  0.0022    0.0021       1.562  0.016    0.016           -9.26  0.17    0.12           
 5665010408   60042.66570236111    11.72  0.09    0.09             -7.713  0.004    0.004          1.50  0.03    0.03              -9.11  0.25    0.15           
 6130010110   60050.839811157406    11.67  0.09    0.09             -7.694  0.005    0.005          1.53  0.03    0.04              -9.04  0.23    0.15           
 5665010409   60055.23276833333    11.64  0.07    0.07             -7.742  0.003    0.003          1.506  0.025    0.025           -9.48  0.5    0.23            
 6130010111   60056.9084975    11.70  0.05    0.05             -7.7954  0.0025    0.0025       1.466  0.01    0.007            -15.0  -P    5                 
 6130010112   60057.03749634259    11.70  0.05    0.05             -7.8001  0.0027    0.0025       1.460  0.004    0.007           -15.0  -P    5                 
 6130010113   60065.601066944444    11.80  0.06    0.06             -7.8326  0.0025    0.0026       1.423  0.017    0.017           -9.49  0.24    0.15           
 5665010410   60069.408121342596    11.86  0.06    0.06             -7.7506  0.0028    0.0028       1.479  0.02    0.021            -9.16  0.14    0.11           
 5665010411   60083.592542638886    11.88  0.05    0.05             -7.8489  0.0027    0.0027       1.417  0.004    0.007           -15.0  -P    5                 
 6130010117   60085.53226486111    12.03  0.07    0.07             -7.8193  0.0029    0.0029       1.41  0.02    0.02              -9.69  0.6    0.25            
 6130010118   60092.853179212965    11.88  0.07    0.04             -7.8617  0.003    0.0022        1.395  0.005    0.009           -15.0  -P    5                 
 6130010119   60103.32520467593    11.98  0.05    0.05             -7.9113  0.0028    0.0028       1.385  0.007    0.007           -15.0  -P    4                 
 6130010120   60111.54894310185    12.0  0.1    0.1                -7.913  0.005    0.005          1.381  0.017    0.012           -15.0  -P    5                 
 6130010121   60113.65066763889    11.83  0.06    0.06             -7.937  0.003    0.003          1.405  0.008    0.008           -15.0  -P    4     